Water at 1 atm,deg. F,212,32,lbm/ft3,62.184,0.013237,-1.9959E-04,5.6905E-07,-8.0702E-10,lbm/hr-ft,7.471,-0.13017,0.0010955,-4.4802E-06,7.068E-09,psia,224032.5,1427.179,-5.537758,0,0,psia,0.28474,-0.01419,3.3447E-04,-2.5986E-06,1.3434E-08
Hydrogen @ 1 atm (liquid),deg. C,-252.32,-259.32,lbm/ft3,-119.1189,-0.9056084,-1.649333E-03,0,0,lbm/hr-ft,26.06054,0.2072021,4.123196E-04,0,0,psia,19711.99,151.8121,0.2923132,0,0,psia,3.627573E+07,-418763.4,-8252.527,-36.64306,-5.061722E-02
Nitrogen @ 1 atm (liquid),deg. C,-195,-210,lbm/ft3,-170.4392,-1.936234,-4.127236E-03,0,0,lbm/hr-ft,95.80466,0.9711728,2.470313E-03,0,0,psia,12491.39,173.038,0.799956,1.234171E-03,0,psia,-2.739409E+07,-426868.9,-2225.313,-3.886792,0
Oxygen @ 1 atm (liquid),deg. K,90.18,54.36,lbm/ft3,94.9985,-0.2220526,-4.591903E-04,0,0,lbm/hr-ft,0.7986053,-2.066178E-02,1.96677E-04,-6.647123E-07,0,psia,437904.4,-6620.147,35.41774,-7.525808E-02,0,psia,87.6653,-6.095421,0.160397,-1.896167E-03,8.511404E-06
Ammonia (liquid),deg. F,100,-50,lbm/ft3,41.3665,-0.04561,-4.500008E-05,0,0,lbm/hr-ft,0.547066,-3.90864E-03,1.3072E-05,0,0,psia,26.67324,0.8485961,9.929489E-03,0,0,psia,182453.4,-737.866,1.1166,0,0
Helium @ 1 atm (liquid),deg. C,-268.927,-271.3,lbm/ft3,-8962.789,-65.71587,-0.1203264,0,0,lbm/hr-ft,-69.51481,-0.5141194,-9.504511E-04,0,0,psia,3.364266E+07,394270.1,1534.492,1.98412,0,psia,199364.9,1470.265,2.710712,0,0,
Ethanol (liquid),deg. F,150,-100,lbm/ft3,51.45332,-2.957429E-02,-1.552157E-05,-2.499898E-08,0,lbm/hr-ft,5.383339,-0.1000358,1.297648E-03,-5.51483E-06,0,psia,9.567096E-02,1.99787E-03,1.963598E-05,9.275514E-07,9.17031E-09,psia,592973.8,-500.0601,-30.33928,6.977874E-02,0
Benzene (liquid),deg. F,172,42,lbm/ft3,56.89746,-3.245623E-02,-1.406252E-05,0,0,lbm/hr-ft,2.64559,-0.018661,4.5375E-05,0,0,psia,2.151739,-6.476142E-02,7.51098E-04,0,0,psia,411972.3,-4090.342,18.52953,0,0
Toluene (liquid),deg. K,350,200,lbm/ft3,68.59768,-4.059286E-02,-2.863007E-05,0,0,lbm/hr-ft,36.73677,-0.2065599,2.964406E-04,0,0,psia,96.63411,-1.622679,1.020778E-02,-2.85373E-05,2.994699E-08,psia,1814281,-9113.875,12.3579,0,0



