TABLEDB_BEGIN
4
SECOND
Ns=0.3(810gpm)(15.7metric)
-0.440,-0.610
-0.340,-0.490
-0.230,-0.360
-0.130,-0.240
-0.020,-0.120
0.080,0.010
0.190,0.130
0.290,0.250
0.400,0.380
0.500,0.500
0.600,0.530
0.720,0.570
0.830,0.600
0.920,0.620
1.000,0.620
1.100,0.600
1.200,0.550
1.280,0.470
1.310,0.400
1.290,0.300
1.260,0.250
1.260,0.230
1.240,0.260
1.200,0.320
1.160,0.400
1.120,0.480
1.110,0.550
1.100,0.630
1.490,0.970
1.470,1.050
1.450,1.120
1.400,1.130
1.320,1.140
1.260,1.120
1.180,1.080
1.120,1.040
1.110,1.030
1.100,1.000
1.070,0.970
1.020,0.920
0.980,0.860
0.900,0.760
0.780,0.640
0.680,0.510
0.600,0.400
0.600,0.290
0.600,0.180
0.600,0.070
0.600,-0.040
0.600,-0.160
0.600,-0.270
0.600,-0.380
0.600,-0.490
0.600,-0.600
0.600,-0.710
0.540,-0.820
0.480,-0.930
0.430,-1.040
0.370,-1.160
0.310,-1.270
0.250,-1.380
0.200,-1.490
0.140,-1.600
0.080,-1.600
0.020,-1.600
-0.040,-1.480
-0.090,-1.350
-0.150,-1.230
-0.210,-1.110
-0.270,-0.980
-0.320,-0.860
-0.380,-0.740
-0.440,-0.610
TABLEDB_END
TABLEDB_BEGIN
5
SECOND
Ns=0.39(1060gpm)(20.5metric)
-0.440,-0.620
-0.370,-0.510
-0.210,-0.410
-0.110,-0.300
-0.040,-0.190
-0.010,0.010
0.090,0.230
0.220,0.340
0.360,0.420
0.500,0.500
0.640,0.540
0.790,0.570
0.920,0.570
1.030,0.550
1.110,0.510
1.200,0.470
1.240,0.420
1.270,0.380
1.280,0.340
1.280,0.300
1.270,0.270
1.260,0.250
1.250,0.240
1.240,0.250
1.250,0.280
1.230,0.310
1.190,0.380
1.190,0.440
1.200,0.500
1.190,0.560
1.140,0.620
1.090,0.670
1.020,0.700
0.960,0.720
0.900,0.730
0.830,0.740
0.770,0.730
0.700,0.700
0.630,0.660
0.560,0.610
0.490,0.560
0.430,0.510
0.400,0.450
0.390,0.390
0.400,0.330
0.420,0.270
0.480,0.200
0.530,0.130
0.600,0.070
0.630,0.000
0.670,-0.070
0.710,-0.150
0.730,-0.240
0.740,-0.310
0.740,-0.400
0.700,-0.490
0.610,-0.600
0.500,-0.740
0.390,-0.890
0.260,-1.010
0.140,-1.140
0.010,-1.250
-0.150,-1.400
-0.300,-1.600
-0.450,-1.630
-0.600,-1.560
-0.640,-1.440
-0.660,-1.330
-0.680,-1.180
-0.660,-1.000
-0.600,-0.830
-0.530,-0.700
-0.440,-0.620
TABLEDB_END
TABLEDB_BEGIN
6
SECOND
Ns=0.42(1140gpm)(22.1metric)
-0.370,-0.420
-0.320,-0.270
-0.240,-0.120
-0.150,0.010
-0.060,0.140
0.020,0.240
0.180,0.330
0.310,0.410
0.410,0.470
0.500,0.500
0.610,0.540
0.700,0.560
0.840,0.590
0.940,0.580
1.080,0.580
1.200,0.540
1.290,0.470
1.350,0.390
1.380,0.320
1.400,0.260
1.410,0.210
1.420,0.210
1.440,0.240
1.450,0.290
1.440,0.330
1.440,0.380
1.410,0.410
1.480,0.430
1.450,0.460
1.420,0.480
1.380,0.500
1.330,0.520
1.260,0.560
1.190,0.590
1.080,0.600
1.090,0.570
0.850,0.480
0.710,0.390
0.590,0.340
0.510,0.290
0.450,0.250
0.440,0.210
0.450,0.190
0.480,0.150
0.530,0.110
0.590,0.070
0.630,0.030
0.690,-0.020
0.770,-0.060
0.850,-0.110
0.910,-0.190
0.940,-0.270
0.940,-0.380
0.910,-0.490
0.860,-0.620
0.770,-0.730
0.690,-0.810
0.640,-0.860
0.590,-0.870
0.500,-0.900
0.420,-0.930
0.310,-1.090
0.210,-1.090
0.120,-1.090
0.050,-1.100
-0.040,-0.970
-0.130,-0.950
-0.220,-0.920
-0.300,-0.880
-0.360,-0.780
-0.380,-0.690
-0.380,-0.590
-0.370,-0.420
TABLEDB_END
TABLEDB_BEGIN
1
FIRST
Ns=0.46(1270gpm)(24metric)
0.634,-0.684
0.643,-0.547
0.646,-0.414
0.640,-0.292
0.629,-0.187
0.613,-0.105
0.595,-0.053
0.575,-0.012
0.552,0.042
0.533,0.097
0.516,0.156
0.505,0.227
0.504,0.300
0.510,0.371
0.512,0.444
0.522,0.522
0.539,0.596
0.559,0.672
0.580,0.738
0.601,0.763
0.630,0.797
0.662,0.837
0.692,0.865
0.722,0.883
0.753,0.886
0.782,0.877
0.808,0.859
0.832,0.838
0.857,0.804
0.879,0.758
0.904,0.703
0.930,0.645
0.959,0.583
0.996,0.520
1.027,0.454
1.060,0.408
1.090,0.370
1.124,0.343
1.165,0.331
1.204,0.329
1.238,0.338
1.258,0.354
1.271,0.372
1.282,0.405
1.288,0.450
1.281,0.486
1.260,0.520
1.225,0.552
1.172,0.579
1.107,0.603
1.031,0.616
0.942,0.617
0.842,0.606
0.733,0.582
0.617,0.546
0.500,0.500
0.368,0.432
0.240,0.360
0.125,0.288
0.011,0.214
-0.102,0.123
-0.168,0.037
-0.255,-0.053
-0.342,-0.161
-0.423,-0.248
-0.494,-0.314
-0.556,-0.372
-0.620,-0.580
-0.655,-0.740
-0.670,-0.880
-0.670,-1.000
-0.660,-1.120
-0.655,-1.250
-0.640,-1.370
-0.600,-1.490
-0.570,-1.590
-0.520,-1.660
-0.470,-1.690
-0.430,-1.770
-0.360,-1.650
-0.275,-1.590
-0.160,-1.520
-0.040,-1.420
0.130,-1.320
0.295,-1.230
0.430,-1.100
0.550,-0.980
0.620,-0.820
0.634,-0.684
TABLEDB_END
TABLEDB_BEGIN
7
SECOND
Ns=0.48(1320gpm)(25.5metric)
-0.440,-0.340
-0.340,-0.250
-0.230,-0.150
-0.130,-0.060
-0.020,0.030
0.080,0.130
0.190,0.220
0.290,0.310
0.400,0.410
0.500,0.500
0.640,0.520
0.760,0.540
0.910,0.570
1.060,0.620
1.220,0.670
1.380,0.710
1.480,0.750
1.580,0.790
1.620,0.800
1.620,0.810
1.600,0.820
1.560,0.830
1.510,0.830
1.460,0.820
1.390,0.800
1.300,0.770
1.170,0.720
1.060,0.700
1.030,0.760
1.060,0.840
1.080,0.910
1.000,0.940
0.920,0.960
0.870,0.920
0.840,0.900
0.800,0.890
0.770,0.870
0.760,0.860
0.760,0.890
0.770,0.940
0.760,0.920
0.760,0.870
0.750,0.800
0.730,0.750
0.690,0.670
0.690,0.570
0.690,0.470
0.690,0.380
0.690,0.280
0.690,0.180
0.690,0.080
0.690,-0.010
0.690,-0.110
0.690,-0.210
0.690,-0.310
0.630,-0.410
0.570,-0.500
0.510,-0.600
0.450,-0.700
0.400,-0.800
0.340,-0.890
0.280,-0.990
0.220,-1.090
0.160,-1.090
0.100,-1.090
0.040,-1.000
-0.020,-0.900
-0.080,-0.810
-0.130,-0.720
-0.190,-0.620
-0.250,-0.530
-0.310,-0.440
-0.370,-0.340
TABLEDB_END
TABLEDB_BEGIN
8
SECOND
Ns=0.55(1490gpm)(28.8metric)
-0.440,-0.610
-0.340,-0.490
-0.230,-0.360
-0.130,-0.240
-0.020,-0.120
0.080,0.010
0.190,0.130
0.290,0.250
0.400,0.380
0.500,0.500
0.600,0.580
0.770,0.730
0.900,0.880
0.970,1.000
1.110,1.140
1.320,1.300
1.360,1.430
1.360,1.520
1.370,1.600
1.400,1.650
1.470,1.700
1.540,1.720
1.620,1.700
1.690,1.670
1.740,1.620
1.790,1.580
1.770,1.500
1.690,1.430
1.600,1.370
1.460,1.320
1.310,1.280
1.140,1.240
1.000,1.190
0.850,1.070
0.740,0.930
0.640,0.770
0.530,0.620
0.470,0.550
0.410,0.500
0.370,0.450
0.380,0.420
0.380,0.380
0.340,0.300
0.330,0.230
0.360,0.200
0.360,0.100
0.360,0.000
0.360,-0.100
0.360,-0.200
0.360,-0.300
0.360,-0.400
0.360,-0.500
0.360,-0.600
0.360,-0.700
0.360,-0.800
0.320,-0.900
0.270,-1.000
0.230,-1.100
0.180,-1.200
0.140,-1.300
0.090,-1.400
0.050,-1.500
0.000,-1.600
-0.040,-1.600
-0.080,-1.600
-0.130,-1.480
-0.170,-1.350
-0.220,-1.230
-0.260,-1.110
-0.310,-0.980
-0.350,-0.860
-0.400,-0.740
-0.440,-0.610
TABLEDB_END
TABLEDB_BEGIN
9
SECOND
Ns=0.57(1565gpm)(30.3metric)
-0.440,-0.610
-0.340,-0.490
-0.230,-0.360
-0.130,-0.240
-0.020,-0.120
0.080,0.010
0.190,0.130
0.290,0.250
0.400,0.380
0.500,0.500
0.650,0.440
0.800,0.470
0.930,0.490
1.060,0.500
1.170,0.500
1.260,0.510
1.330,0.510
1.400,0.520
1.450,0.520
1.450,0.530
1.440,0.540
1.420,0.560
1.410,0.630
1.390,0.710
1.400,0.790
1.390,0.900
1.390,1.040
1.410,1.220
1.480,1.420
1.670,1.640
2.070,1.990
2.300,2.230
2.390,2.340
2.350,2.380
2.230,2.330
2.070,2.230
1.800,2.050
1.620,1.880
1.440,1.700
1.230,1.470
1.000,1.220
0.900,1.000
0.800,0.900
0.730,0.780
0.680,0.650
0.680,0.530
0.680,0.400
0.680,0.280
0.680,0.150
0.680,0.030
0.680,-0.100
0.680,-0.230
0.680,-0.350
0.680,-0.480
0.680,-0.600
0.620,-0.730
0.560,-0.850
0.490,-0.980
0.430,-1.100
0.370,-1.230
0.310,-1.350
0.240,-1.480
0.180,-1.600
0.120,-1.600
0.060,-1.600
0.000,-1.480
-0.070,-1.350
-0.130,-1.230
-0.190,-1.110
-0.250,-0.980
-0.320,-0.860
-0.380,-0.740
-0.440,-0.610
TABLEDB_END
TABLEDB_BEGIN
10
SECOND
Ns=0.71(1935gpm)(37.4metric)
-0.960,-0.580
-0.780,-0.400
-0.600,-0.250
-0.430,-0.100
-0.270,0.050
-0.100,0.160
0.080,0.270
0.220,0.360
0.380,0.430
0.500,0.500
0.640,0.540
0.740,0.570
0.810,0.580
0.900,0.570
1.000,0.550
1.080,0.510
1.120,0.480
1.140,0.420
1.140,0.380
1.140,0.350
1.140,0.340
1.130,0.350
1.120,0.380
1.110,0.410
1.080,0.460
1.050,0.520
1.030,0.600
1.040,0.710
1.060,0.810
1.060,0.900
1.050,1.000
1.040,1.080
1.030,1.140
1.030,1.200
1.020,1.220
0.970,1.220
0.900,1.200
0.850,1.140
0.800,1.080
0.750,1.000
0.710,0.900
0.670,0.800
0.620,0.700
0.580,0.590
0.530,0.480
0.510,0.360
0.490,0.260
0.500,0.170
0.520,0.100
0.540,0.030
0.570,-0.020
0.590,-0.090
0.600,-0.150
0.590,-0.200
0.560,-0.270
0.500,-0.360
0.410,-0.480
0.290,-0.620
0.090,-0.770
-0.110,-0.900
-0.310,-1.020
-0.490,-1.120
-0.520,-1.250
-0.540,-1.400
-0.570,-1.550
-0.600,-1.550
-0.640,-1.400
-0.670,-1.250
-0.700,-1.100
-0.750,-0.950
-0.800,-0.800
-0.900,-0.680
-0.960,-0.580
TABLEDB_END
TABLEDB_BEGIN
12
SECOND
Ns=0.79(2160gpm)(41.8metric)
-0.550,-0.560
-0.440,-0.360
-0.340,-0.200
-0.240,-0.010
-0.140,0.090
-0.040,0.180
0.030,0.270
0.160,0.380
0.290,0.440
0.500,0.500
0.620,0.560
0.760,0.640
0.960,0.660
1.100,0.660
1.230,0.660
1.420,0.660
1.560,0.640
1.690,0.590
1.820,0.560
2.020,0.470
2.100,0.410
2.040,0.340
2.040,0.310
2.130,0.310
2.160,0.310
2.100,0.320
2.020,0.340
1.960,0.350
1.820,0.360
1.720,0.370
1.560,0.410
1.440,0.490
1.540,0.690
1.640,0.900
1.610,0.900
1.440,0.770
1.320,0.740
1.230,0.740
1.300,0.790
1.280,0.760
1.190,0.670
1.040,0.610
0.810,0.500
0.770,0.440
0.830,0.340
0.900,0.250
0.940,0.150
0.980,0.070
0.960,0.000
0.920,-0.100
0.900,-0.180
0.880,-0.250
0.880,-0.320
0.860,-0.420
0.860,-0.480
0.720,-0.660
0.530,-0.830
0.490,-0.980
0.360,-1.080
-0.030,-1.230
-0.250,-1.420
-0.420,-1.510
-0.580,-1.610
-0.740,-1.640
-0.860,-1.640
-0.940,-1.610
-1.000,-1.600
-1.210,-1.560
-1.440,-1.490
-1.000,-1.370
-0.860,-1.080
-0.670,-0.810
-0.550,-0.560
TABLEDB_END
TABLEDB_BEGIN
13
SECOND
Ns=1.21(3300gpm)(64metric)
-0.480,-0.640
-0.500,-0.420
-0.270,-0.240
-0.210,-0.130
-0.140,-0.020
-0.040,0.070
0.040,0.200
0.170,0.310
0.320,0.420
0.500,0.500
0.660,0.610
0.850,0.670
1.060,0.720
1.320,0.770
1.440,0.790
1.690,0.810
1.850,0.790
2.040,0.770
2.190,0.760
2.370,0.720
2.460,0.690
2.530,0.660
2.530,0.620
2.430,0.610
2.340,0.580
2.220,0.590
2.130,0.590
2.020,0.560
1.880,0.580
1.660,0.660
1.390,0.790
1.320,0.860
1.350,0.900
1.210,0.880
1.120,0.830
1.000,0.740
0.880,0.690
0.810,0.640
0.810,0.670
0.810,0.660
0.760,0.560
0.690,0.480
0.690,0.370
0.760,0.300
0.720,0.230
0.710,0.160
0.720,0.120
0.740,-0.010
0.720,-0.120
0.690,-0.230
0.660,-0.360
0.590,-0.490
0.520,-0.610
0.440,-0.740
0.380,-0.790
0.270,-0.980
0.020,-1.210
-0.250,-1.560
-0.520,-1.740
-0.760,-1.930
-0.920,-2.040
-1.080,-2.160
-1.210,-2.220
-1.300,-2.280
-1.370,-2.280
-1.390,-2.250
-1.420,-2.220
-1.370,-2.100
-1.280,-1.900
-1.190,-1.720
-1.000,-1.320
-0.770,-0.980
-0.480,-0.640
TABLEDB_END
TABLEDB_BEGIN
14
SECOND
Ns=1.36(3725gpm)(71.9metric)
-0.690,-0.580
-0.600,-0.440
-0.500,-0.290
-0.400,-0.120
-0.290,0.000
-0.190,0.070
-0.070,0.210
0.000,0.300
0.310,0.420
0.500,0.500
0.660,0.570
0.790,0.630
0.940,0.680
1.040,0.710
1.140,0.750
1.210,0.760
1.280,0.770
1.310,0.780
1.350,0.760
1.350,0.760
1.320,0.750
1.290,0.750
1.210,0.760
1.140,0.770
1.030,0.780
0.970,0.830
0.960,0.850
0.940,0.900
0.960,0.970
0.960,1.030
0.940,1.120
0.940,1.150
0.910,1.190
0.900,1.210
0.850,1.170
0.810,1.140
0.760,1.100
0.730,1.040
0.680,0.940
0.640,0.860
0.570,0.710
0.530,0.630
0.480,0.520
0.440,0.430
0.390,0.310
0.360,0.220
0.330,0.080
0.300,-0.070
0.290,-0.090
0.270,-0.200
0.230,-0.350
0.190,-0.450
0.110,-0.580
0.000,-0.690
-0.020,-0.830
-0.030,-0.940
-0.070,-1.100
-0.150,-1.190
-0.320,-1.300
-0.390,-1.370
-0.490,-1.420
-0.600,-1.490
-0.690,-1.500
-0.750,-1.500
-0.820,-1.450
-0.860,-1.420
-0.890,-1.320
-0.910,-1.260
-0.900,-1.140
-0.870,-1.020
-0.820,-0.890
-0.760,-0.750
-0.690,-0.580
TABLEDB_END
TABLEDB_BEGIN
15
SECOND
Ns=1.44(3940gpm)(76.1metric)
-1.010,-0.840
-0.860,-0.560
-0.690,-0.370
-0.500,-0.260
-0.320,-0.130
-0.220,0.000
-0.080,0.060
0.000,0.180
0.290,0.390
0.500,0.500
0.670,0.580
0.860,0.650
1.020,0.730
1.180,0.780
1.340,0.840
1.470,0.880
1.590,0.920
1.730,0.950
1.790,0.960
1.850,0.970
1.820,0.980
1.820,0.990
1.760,1.000
1.710,1.020
1.640,1.050
1.550,1.070
1.510,1.120
1.490,1.160
1.490,1.210
1.490,1.240
1.550,1.290
1.570,1.330
1.550,1.350
1.550,1.400
1.490,1.390
1.420,1.350
1.290,1.270
1.120,1.150
0.900,1.020
0.700,0.900
0.640,0.760
0.560,0.640
0.480,0.500
0.410,0.370
0.360,0.270
0.330,0.170
0.300,0.000
0.290,-0.060
0.240,-0.190
0.160,-0.310
0.100,-0.430
0.050,-0.570
0.010,-0.730
0.000,-0.880
-0.040,-1.010
-0.100,-1.180
-0.180,-1.300
-0.340,-1.370
-0.480,-1.410
-0.560,-1.470
-0.620,-1.510
-0.600,-1.550
-0.610,-1.580
-0.650,-1.640
-0.750,-1.690
-0.840,-1.730
-0.910,-1.710
-0.990,-1.660
-1.050,-1.550
-1.110,-1.450
-1.130,-1.290
-1.100,-1.080
-1.010,-0.840
TABLEDB_END
TABLEDB_BEGIN
11
SECOND
Ns=1.61(4400gpm)(85.1metric)
-1.220,-1.350
-1.070,-1.140
-0.900,-0.910
-0.740,-0.690
-0.540,-0.400
-0.360,-0.150
-0.150,0.050
0.060,0.210
0.290,0.380
0.500,0.500
0.700,0.600
0.890,0.690
1.040,0.740
1.190,0.790
1.300,0.810
1.400,0.840
1.490,0.870
1.530,0.910
1.570,0.990
1.600,1.060
1.630,1.130
1.670,1.220
1.700,1.300
1.730,1.390
1.750,1.450
1.720,1.500
1.680,1.560
1.640,1.610
1.600,1.640
1.560,1.650
1.520,1.660
1.490,1.660
1.460,1.660
1.420,1.670
1.390,1.660
1.350,1.630
1.300,1.570
1.250,1.480
1.180,1.370
1.100,1.230
0.980,1.080
0.800,0.910
0.650,0.750
0.550,0.600
0.440,0.420
0.370,0.270
0.300,0.110
0.240,-0.010
0.240,-0.130
0.270,-0.260
0.290,-0.370
0.310,-0.490
0.320,-0.600
0.330,-0.690
0.330,-0.770
0.310,-0.860
0.290,-0.960
0.220,-1.100
0.150,-1.300
0.050,-1.670
-0.100,-1.930
-0.270,-2.040
-0.400,-2.150
-0.500,-2.250
-0.600,-2.350
-0.700,-2.330
-0.800,-2.200
-0.900,-2.050
-1.000,-1.950
-1.100,-1.800
-1.200,-1.650
-1.300,-1.500
-1.220,-1.350
TABLEDB_END
TABLEDB_BEGIN
16
SECOND
Ns=1.83(5000gpm)(97metric)
-0.550,-0.670
-0.460,-0.490
-0.380,-0.260
-0.300,-0.160
-0.210,-0.060
-0.130,0.040
-0.010,0.160
0.140,0.260
0.290,0.370
0.500,0.500
0.660,0.530
0.860,0.620
1.020,0.670
1.300,0.720
1.420,0.760
1.560,0.770
1.640,0.770
1.690,0.760
1.770,0.740
1.800,0.720
1.820,0.720
1.800,0.720
1.720,0.740
1.690,0.790
1.610,0.790
1.540,0.790
1.440,0.760
1.370,0.720
1.370,0.790
1.440,0.960
1.510,1.120
1.490,1.170
1.440,1.140
1.390,1.120
1.350,1.060
1.250,1.000
1.170,0.900
1.100,0.830
0.940,0.740
0.790,0.620
0.710,0.530
0.610,0.460
0.530,0.350
0.480,0.240
0.450,0.130
0.440,0.060
0.480,0.000
0.540,-0.090
0.480,-0.220
0.420,-0.340
0.350,-0.450
0.280,-0.560
0.240,-0.660
0.140,-0.790
-0.050,-0.940
-0.170,-1.120
-0.300,-1.230
-0.380,-1.420
-0.490,-1.560
-0.560,-1.720
-0.720,-1.800
-0.850,-1.880
-0.960,-1.900
-1.040,-1.900
-1.060,-1.820
-1.100,-1.740
-1.120,-1.690
-1.120,-1.590
-1.100,-1.460
-1.060,-1.320
-0.960,-1.120
-0.720,-0.860
-0.550,-0.670
TABLEDB_END
TABLEDB_BEGIN
17
SECOND
Ns=1.9(5200gpm)(101metric)
-1.630,-1.610
-1.500,-1.270
-1.350,-1.210
-1.180,-0.990
-1.010,-0.770
-0.820,-0.540
-0.620,-0.330
-0.230,0.000
0.170,0.330
0.500,0.500
0.690,0.620
0.890,0.700
1.080,0.750
1.270,0.790
1.440,0.830
1.560,0.870
1.710,0.840
1.840,0.790
2.000,0.720
2.150,0.590
2.340,0.510
2.470,0.540
2.650,0.600
2.850,0.730
3.080,0.980
3.240,1.240
3.410,1.550
3.510,1.770
3.630,2.020
3.630,2.230
3.630,2.380
3.510,2.550
3.340,2.650
2.990,2.750
2.510,2.750
2.030,2.700
1.550,2.600
1.300,2.440
1.080,2.230
0.970,1.930
0.860,1.590
0.750,1.250
0.670,0.930
0.530,0.620
0.420,0.380
0.330,0.210
0.230,-0.020
0.150,-0.100
0.090,-0.370
0.050,-0.590
0.010,-0.800
0.000,-0.970
-0.070,-1.080
-0.390,-1.220
-0.640,-1.300
-0.800,-1.330
-0.910,-1.350
-0.990,-1.400
-0.980,-1.440
-0.970,-1.480
-1.010,-1.500
-1.080,-1.610
-1.210,-1.760
-1.370,-1.930
-1.550,-2.020
-1.680,-2.080
-1.780,-2.120
-1.880,-2.150
-1.930,-2.140
-1.900,-2.030
-1.840,-1.940
-1.770,-1.810
-1.630,-1.610
TABLEDB_END
TABLEDB_BEGIN
18
SECOND
Ns=2.32(6340gpm)(123metric)
-1.250,-1.590
-1.020,-1.150
-0.770,-0.830
-0.590,-0.550
-0.430,-0.330
-0.280,-0.110
-0.100,0.020
0.040,0.210
0.300,0.380
0.500,0.500
0.670,0.580
0.820,0.670
0.930,0.740
1.050,0.810
1.230,0.900
1.440,0.980
1.570,1.100
1.720,1.190
1.750,1.230
1.860,1.320
1.900,1.390
1.940,1.500
2.010,1.590
2.030,1.650
2.050,1.720
2.100,1.820
2.090,1.900
2.130,1.940
2.100,1.980
2.010,2.010
2.030,2.030
2.070,2.120
2.030,2.140
1.980,2.140
1.960,2.120
1.900,2.030
1.810,1.920
1.790,1.790
1.700,1.670
1.570,1.500
1.480,1.260
1.370,1.060
1.170,0.840
1.100,0.670
0.960,0.480
0.810,0.320
0.680,0.180
0.540,0.000
0.380,-0.170
0.290,-0.330
0.170,-0.500
0.080,-0.700
-0.120,-0.930
-0.280,-1.150
-0.400,-1.440
-0.510,-1.620
-0.640,-1.720
-0.840,-1.790
-1.070,-1.900
-1.300,-1.960
-1.500,-2.320
-1.680,-2.550
-1.920,-2.820
-2.070,-2.970
-2.170,-3.130
-2.270,-3.220
-2.290,-3.220
-2.240,-3.050
-2.120,-2.750
-1.920,-2.490
-1.680,-2.190
-1.470,-1.920
-1.250,-1.590
TABLEDB_END
TABLEDB_BEGIN
19
SECOND
Ns=2.48(6790gpm)(131metric)
-1.560,-1.580
-1.430,-1.410
-1.280,-1.220
-1.070,-0.980
-0.890,-0.720
-0.670,-0.540
-0.410,-0.330
-0.110,0.000
0.120,0.290
0.500,0.500
0.720,0.620
0.870,0.700
0.990,0.740
1.070,0.760
1.180,0.780
1.340,0.800
1.550,0.830
1.850,0.880
2.130,0.920
2.400,0.980
2.640,1.040
2.850,1.090
3.050,1.170
3.250,1.280
3.460,1.400
3.530,1.530
3.630,1.730
3.560,1.840
3.560,2.100
3.530,2.260
3.530,2.500
3.490,2.560
3.430,2.670
3.400,2.780
3.250,2.800
3.020,2.800
2.580,2.670
2.070,2.480
1.520,2.240
1.200,1.970
0.900,1.640
0.700,1.290
0.560,0.880
0.450,0.560
0.340,0.290
0.250,0.050
0.170,-0.060
0.100,-0.290
0.040,-0.450
-0.050,-0.630
-0.180,-0.790
-0.270,-0.940
-0.450,-1.100

-0.600,-1.220
-0.730,-1.340
-0.880,-1.430
-1.000,-1.500
-1.040,-1.520
-1.010,-1.560
-1.000,-1.530
-1.070,-1.630
-1.190,-1.750
-1.350,-1.930
-1.500,-2.040
-1.660,-2.130
-1.770,-2.160
-1.830,-2.160
-1.830,-2.120
-1.850,-2.070
-1.830,-2.010
-1.780,-1.930
-1.690,-1.770
-1.560,-1.580
TABLEDB_END
TABLEDB_BEGIN
20
SECOND
Ns=2.54(6940gpm)(134metric)
-1.610,-1.610
-1.530,-1.430
-1.380,-1.210
-1.190,-1.020
-1.020,-0.790
-0.830,-0.560
-0.620,-0.330
-0.360,-0.080
0.030,0.310
0.500,0.500
0.700,0.620
0.850,0.700
1.020,0.780
1.150,0.800
1.300,0.790
1.430,0.730
1.480,0.640
1.720,0.550
1.900,0.450
2.010,0.390
2.200,0.380
2.340,0.440
2.530,0.570
2.710,0.720
2.920,0.910
3.120,1.120
3.270,1.390
3.340,1.610
3.400,1.900
3.400,2.090
3.370,2.310
3.340,2.440
3.240,2.600
2.950,2.640
2.490,2.710
2.050,2.670
1.560,2.620
1.320,2.510
1.090,2.210
0.970,1.920
0.790,1.550
0.680,1.270
0.570,0.900
0.460,0.560
0.350,0.300
0.260,0.090
0.180,-0.170
0.110,-0.310
0.060,-0.460
0.020,-0.620
-0.020,-0.780
-0.180,-0.930
-0.360,-1.100
-0.490,-1.200
-0.630,-1.310
-0.780,-1.420
-0.920,-1.470
-1.000,-1.520
-0.990,-1.530
-0.960,-1.510
-1.010,-1.510
-1.110,-1.610
-1.240,-1.790
-1.430,-1.940
-1.550,-2.030
-1.690,-2.140
-1.790,-2.160
-1.840,-2.180
-1.900,-2.110
-1.880,-2.080
-1.850,-1.950
-1.760,-1.810
-1.610,-1.610
TABLEDB_END
TABLEDB_BEGIN
2
FIRST
Ns=2.78(7600gpm)(147metric)
-0.690,-1.420
-0.599,-1.328
-0.512,-1.211
-0.418,-1.056
-0.304,-0.870
-0.181,-0.677
-0.078,-0.573
-0.011,-0.518
0.032,-0.380
0.074,-0.232
0.130,-0.160
0.190,0.000
0.265,0.118
0.363,0.308
0.461,0.442
0.553,0.574
0.674,0.739
0.848,0.929
1.075,1.147
1.337,1.370
1.629,1.599
1.929,1.839
2.180,2.080
2.334,2.300
2.518,2.480
2.726,2.630
2.863,2.724
2.948,2.687
3.026,2.715
3.015,2.688
2.927,2.555
2.873,2.434
2.771,2.288
2.640,2.110
2.497,1.948
2.441,1.825
2.378,1.732
2.336,1.644
2.288,1.576
2.209,1.533
2.162,1.522
2.140,1.519
2.109,1.523
2.054,1.523
1.970,1.490
1.860,1.386
1.735,1.223
1.571,1.048
1.357,0.909
1.157,0.814
1.106,0.766
0.927,0.734
0.846,0.678
0.744,0.624
0.640,0.570
0.500,0.500
0.374,0.407
0.191,0.278
0.001,0.146
-0.190,0.023
-0.384,-0.175
-0.585,-0.379
-0.786,-0.585
-0.972,-0.778
-1.185,-1.008
-1.372,-1.277
-1.500,-1.560
-1.940,-2.070
-2.160,-2.480
-2.290,-2.700
-2.350,-2.770
-2.350,-2.800
-2.230,-2.800
-2.200,-2.760
-2.130,-2.710
-2.050,-2.640
-1.970,-2.540
-1.895,-2.440
-1.810,-2.340
-1.730,-2.240
-1.600,-2.120
-1.420,-2.000
-1.130,-1.940
-0.950,-1.900
-0.930,-1.900
-0.950,-1.850
-1.000,-1.750
-0.920,-1.630
-0.690,-1.420
TABLEDB_END
TABLEDB_BEGIN
21
SECOND
Ns=3.2(8760gpm)(170metric)
-2.350,-2.680
-2.160,-2.430
-1.930,-1.990
-1.540,-1.540
-1.080,-1.080
-0.710,-0.690
-0.340,-0.120
0.000,0.080
0.200,0.330
0.500,0.500
0.660,0.590
0.790,0.680
0.900,0.750
1.020,0.770
1.110,0.790
1.290,0.790
1.450,0.820
1.590,0.880
1.760,1.000
1.880,1.070
2.030,1.200
2.140,1.320
2.270,1.480
2.400,1.650
2.510,1.860
2.650,2.010
2.750,2.150
2.810,2.400
2.810,2.480
2.750,2.590
2.750,2.750
2.680,2.750
2.620,2.810
2.510,2.810
2.400,2.840
2.200,2.840
1.970,2.650
1.810,2.400
1.580,2.160
1.310,1.740
1.080,1.360
0.830,0.970
0.640,0.690
0.440,0.380
0.280,0.040
0.170,-0.040
0.090,-0.090
0.030,-0.290
0.000,-0.470
-0.050,-0.690
-0.140,-0.910
-0.260,-1.160
-0.400,-1.390
-0.610,-1.630
-0.780,-1.810
-0.860,-2.070
-0.930,-2.230
-0.970,-2.480
-0.990,-2.620
-1.050,-2.810
-1.130,-2.950
-1.280,-3.060
-1.460,-3.250
-1.680,-3.340
-1.880,-3.440
-2.070,-3.470
-2.200,-3.380
-2.350,-3.300
-2.450,-3.250
-2.480,-3.170
-2.510,-3.060
-2.450,-2.950
-2.350,-2.680
TABLEDB_END
TABLEDB_BEGIN
3
FIRST
Ns=4.94(13500gpm)(261metric)
-2.230,-2.260
-2.000,-2.061
-1.662,-1.772
-1.314,-1.465
-1.089,-1.253
-0.914,-1.088
-0.760,-0.921
-0.601,-0.789
-0.440,-0.632
-0.284,-0.457
-0.130,-0.300
0.055,-0.075
0.222,0.052
0.357,0.234
0.493,0.425
0.616,0.558
0.675,0.630
0.680,0.621
0.691,0.546
0.752,0.525
0.825,0.488
0.930,0.512
1.080,0.660
1.236,0.850
1.389,1.014
1.548,1.162
1.727,1.334
1.919,1.512
2.066,1.683
2.252,1.886
2.490,2.105
2.727,2.325
3.002,2.580
3.225,2.770
3.355,2.886
3.475,2.959
3.562,2.979
3.604,2.962
3.582,2.877
3.540,2.713
3.477,2.556
3.321,2.403
3.148,2.237
2.962,2.080
2.750,1.950
2.542,1.826
2.354,1.681
2.149,1.503
1.909,1.301
1.702,1.115
1.506,0.960
1.310,0.840
1.131,0.750
0.947,0.677
0.737,0.604
0.500,0.500
0.279,0.352
0.082,0.161
-0.112,-0.040
-0.300,-0.225
-0.505,-0.403
-0.672,-0.545
-0.797,-0.610
-0.872,-0.662
-0.920,-0.699
-0.949,-0.719
-0.960,-0.730
-1.080,-0.810
-1.300,-1.070
-1.500,-1.360
-1.700,-1.640
-1.890,-1.880
-2.080,-2.080
-2.270,-2.270
-2.470,-2.470
-2.650,-2.650
-2.810,-2.810
-2.950,-2.950
-3.040,-3.040
-3.100,-3.100
-3.150,-3.150
-3.170,-3.170
-3.170,-3.200
-3.130,-3.160
-3.070,-3.090
-2.960,-2.990
-2.820,-2.860
-2.590,-2.660
-2.230,-2.260
TABLEDB_END